2100                 1
2174                 1
2360                 1
2524                 1
2688                 1
3986                 1
6052                 1
6091                 1
6722                 1
6770                 1
7288                 1
7460                 1
8361                 1
12290                1
12332                1
12710                1
12941                1
12983                1
14245                1
14392                1
14581                1
14893                1
15124                1
15271                1
15397                1
15586                1
16196                1
16486                1
16521                1
16717                1
17221                1
17410                1
17556                1
19654                1
19780                1
19844                1
20223                1
20517                1
20643                1
20685                1
20748                1
21001                1
21992                1
22762                1
23839                1
25132                1
25136                1
26660                1
26953                1
29679                1
29735                1
29776                1
29780                1
29784                1
29788                1
29804                1
30590                1
30832                1
30874                1
31813                1
31877                1
32060                1
33887                1
34186                1
36650                1
36991                1
37000                1
37645                1
38545                1
39230                1
42040                1
43304                1
43748                1
44308                1
46866                1
49486                1
49685                1
52824                1
52953                1
53271                1
54567                1
55182                1
56210                1
58046                1
58741                1
59418                1
61976                1
63337                1
64644                1
66732                1
69759                1
69889                1
71345                1
71975                1
72177                1
73083                1
75148                1
77824                1
81194                1
82109                1
83309                1
86226                1
87906                1
88564                1
88900                1
89510                1
90238                1
97213                1
97645                1
99977                1
100343               1
102002               1
104402               1
105708               1
107017               1
108663               1
109204               1
110387               1
112687               1
113170               1
117585               1
118391               1
118921               1
120386               1
122853               1
123464               1
124000               1
125262               1
125917               1
129626               1
129640               1
129673               1
130298               1
131406               1
134761               1
134828               1
134849               1
135856               1
138045               1
138348               1
138421               1
139078               1
139327               1
139484               1
139719               1
140016               1
140576               1
140958               1
140962               1
140966               1
140970               1
140974               1
140982               1
140986               1
140990               1
140998               1
141002               1
141006               1
141014               1
141042               1
142948               1
142999               1
143640               1
144787               1
145053               1
145251               1
147737               1
148149               1
152165               1
152853               1
153148               1
153341               1
154360               1
154540               1
156176               1
156381               1
158322               1
160343               1
161093               1
163655               1
164719               1
164803               1
166054               1
166353               1
166624               1
166717               1
167174               1
167952               1
168303               1
168307               1
168398               1
168402               1
168841               1
169807               1
170261               1
170777               1
170925               1
171732               1
171877               1
172006               1
172010               1
172040               1
172867               1
175112               1
175839               1
176157               1
179047               1
180609               1
181760               1
182920               1
183884               1
184901               1
185005               1
187850               1
188095               1
188491               1
189962               1
191643               1
194414               1
196005               1
197489               1
197735               1
198840               1
199669               1
201214               1
203724               1
205490               1
205890               1
206911               1
209841               1
209856               1
210842               1
210870               1
211255               1
211534               1
211558               1
211564               1
211570               1
212611               1
213140               1
213932               1
214301               1
217327               1
217346               1
217575               1
217685               1
220695               1
221776               1
221976               1
221993               1
222565               1
225110               1
225137               1
226192               1
227699               1
229128               1
229915               1
230571               1
233620               1
235371               1
238563               1
239634               1
240766               1
242645               1
243877               1
244907               1
245254               1
245555               1
245999               1
252477               1
253099               1
253761               1
253995               1
257701               1
259978               1
260722               1
262312               1
262398               1
262601               1
262961               1
265374               1
266340               1
266364               1
266376               1
266400               1
266436               1
266460               1
266496               1
266520               1
266532               1
266556               1
266604               1
266616               1
266640               1
266823               1
267372               1
268134               1
270193               1
272766               1
273394               1
274379               1
277921               1
279028               1
281730               1
282648               1
282690               1
282710               1
285893               1
287453               1
290868               1
292071               1
292233               1
292237               1
294833               1
295152               1
295413               1
299587               1
300016               1
300249               1
302977               1
303788               1
304174               1
304754               1
305097               1
305472               1
305665               1
309629               1
310135               1
310209               1
313600               1
314000               1
314509               1
314583               1
315329               1
316015               1
317747               1
318483               1
318881               1
318989               1
319063               1
321813               1
321914               1
322878               1
323057               1
323640               1
323997               1
328581               1
330321               1
330530               1
335985               1
337142               1
337185               1
337702               1
339417               1
340174               1
341309               1
341560               1
342756               1
344528               1
345297               1
345621               1
345860               1
346332               1
349098               1
349666               1
354278               1
356160               1
356542               1
357828               1
359971               1
363940               1
368885               1
369739               1
370205               1
370976               1
371983               1
373152               1
374905               1
376498               1
377755               1
377911               1
379018               1
380014               1
381847               1
382031               1
384202               1
384216               1
384413               1
388863               1
389077               1
390354               1
390569               1
391141               1
396444               1
397630               1
397735               1
397860               1
399064               1
399357               1
400341               1
400392               1
401572               1
401809               1
405346               1
407277               1
408463               1
410229               1
413062               1
415329               1
416986               1
417777               1
417792               1
420348               1
421677               1
423301               1
425927               1
426254               1
426293               1
427640               1
428875               1
433369               1
433421               1
434025               1
436895               1
437802               1
439720               1
441284               1
441974               1
444103               1
445297               1
445845               1
446149               1
446336               1
446340               1
446542               1
447277               1
450348               1
452461               1
453768               1
456318               1
456399               1
458468               1
459123               1
459373               1
459477               1
459778               1
459947               1
460390               1
461334               1
461338               1
461597               1
462338               1
465233               1
466826               1
467720               1
467994               1
469029               1
469521               1
469598               1
469985               1
470666               1
470705               1
470930               1
470969               1
471044               1
471116               1
471826               1
473597               1
473601               1
473754               1
473760               1
475977               1
476069               1
476388               1
477035               1
477548               1
478922               1
479031               1
479035               1
479039               1
479126               1
479406               1
479809               1
481042               1
481046               1
481705               1
483503               1
483765               1
484882               1
498894               1
499529               1
500132               1
503713               1
506203               1
506592               1
507127               1
507522               1
507794               1
509330               1
510324               1
511340               1
512366               1
514160               1
524099               1
526543               1
527367               1
527760               1
528471               1
528741               1
529431               1
529495               1
530390               1
531638               1
531761               1
532230               1
533393               1
536696               1
537301               1
538008               1
538882               1
540435               1
542118               1
543660               1
545477               1
547674               1
549075               1
549342               1
549494               1
550112               1
550809               1
550813               1
551186               1
551391               1
553210               1
553943               1
555319               1
555323               1
555327               1
555331               1
555335               1
555743               1
555747               1
557883               1
562090               1
563723               1
563877               1
564592               1
566379               1
567774               1
568101               1
568635               1
569092               1
569524               1
574791               1
576485               1
577644               1
584431               1
586701               1
588366               1
588976               1
589360               1
593030               1
593830               1
594028               1
594461               1
595438               1
596821               1
597585               1
599230               1
600528               1
600557               1
600731               1
600735               1
602911               1
604677               1
604806               1
604810               1
607502               1
607979               1
610893               1
610991               1
611063               1
613733               1
614650               1
614654               1
614658               1
615652               1
616030               1
616881               1
618184               1
619046               1
621408               1
621569               1
621615               1
621844               1
622722               1
623077               1
624653               1
626198               1
626912               1
630289               1
631162               1
634448               1
635224               1
636314               1
637730               1
638418               1
639095               1
639214               1
640596               1
640692               1
642947               1
643087               1
644252               1
644418               1
652442               1
652727               1
654985               1
655182               1
655934               1
656435               1
657830               1
657841               1
660543               1
661526               1
662159               1
663570               1
664856               1
666432               1
666810               1
667820               1
677012               1
678503               1
680599               1
682579               1
684651               1
684820               1
684824               1
690339               1
696321               1
700612               1
701812               1
702112               1
702741               1
702751               1
706663               1
706667               1
706671               1
706675               1
706679               1
706683               1
707166               1
709882               1
711565               1
712591               1
712730               1
713548               1
714459               1
715473               1
716015               1
716155               1
716485               1
717812               1
717816               1
719730               1
719734               1
721642               1
723311               1
723454               1
724136               1
725299               1
725934               1
726079               1
728419               1
729287               1
730947               1
731563               1
732744               1
736692               1
738173               1
738186               1
738234               1
738597               1
738728               1
738752               1
738764               1
738776               1
739798               1
742443               1
742963               1
743661               1
743679               1
743697               1
744878               1
747600               1
748460               1
749268               1
750991               1
751623               1
752230               1
757479               1
760947               1
762319               1
763397               1
763401               1
764891               1
765170               1
766557               1
766905               1
770475               1
771017               1
773752               1
774823               1
779083               1
779878               1
780540               1
780684               1
780976               1
784000               1
784534               1
784538               1
784593               1
785741               1
789643               1
791818               1
793014               1
795021               1
795692               1
801904               1
806365               1
809530               1
809691               1
813890               1
814710               1
817540               1
823389               1
828482               1
829489               1
830706               1
832197               1
837068               1
837497               1
837897               1
838666               1
839124               1
839902               1
840316               1
843952               1
844025               1
845516               1
849659               1
849663               1
850883               1
851837               1
855292               1
858018               1
862638               1
862880               1
863159               1
863334               1
865371               1
868181               1
868185               1
868334               1
874109               1
878628               1
878735               1
879108               1
883310               1
884966               1
890987               1
893125               1
893190               1
896419               1
896462               1
897678               1
900408               1
900817               1
901593               1
902395               1
902715               1
903251               1
903845               1
905407               1
906433               1
907207               1
907864               1
907912               1
907929               1
907970               1
909791               1
909797               1
909801               1
909923               1
909958               1
911695               1
911999               1
912529               1
912756               1
913448               1
913564               1
916334               1
916362               1
916504               1
916982               1
917365               1
918226               1
918250               1
918284               1
918717               1
919156               1
921866               1
922234               1
922280               1
922319               1
922484               1
922883               1
923190               1
923668               1
923676               1
923697               1
924141               1
924155               1
924636               1
924679               1
925018               1
925186               1
938402               1
938882               1
942985               1
