The number of occurences for the pattern TTTTTTTTTTTTTTTT is 564
POSITIONS OF THE PATTERN TTTTTTTTTTTTTTTT : 
5186
5187
5188
5189
5354
5355
5356
5357
69885
69886
69887
69888
73247
73248
73249
74333
74334
74335
74336
74337
74338
74339
74340
115399
115400
115401
115402
115403
115404
182328
182329
182330
182331
182332
182333
182334
182335
182931
186055
186056
186057
186058
186059
186060
186061
186062
186063
186064
186065
194514
198728
198729
198730
198731
198732
204644
204645
204646
204647
204648
204649
204650
204651
204652
204653
204654
206312
206313
206314
206315
206316
206317
206318
207219
207220
209821
209822
209823
209824
209825
209826
209827
209828
223209
223210
223211
223212
223213
223516
223517
223518
223519
223520
223815
223816
224112
224113
224277
224278
233928
233929
233930
233931
233932
233933
233934
233935
233936
233937
233938
233939
245698
246362
246363
246364
246365
248336
248337
248338
248339
248340
248341
248342
248343
248344
249044
249045
249046
249047
249048
249049
249050
264901
264902
264903
268359
268360
272219
272220
272221
272222
274486
274487
274488
274489
274490
274491
274492
274493
274494
274495
274496
274497
275132
275133
275134
275135
275136
275137
291199
291200
291688
291689
291690
291691
291692
291693
291694
291695
291696
291697
291698
304581
310632
310633
310634
310635
310636
310637
310638
310639
310640
317979
329577
329578
329579
329580
329581
329998
329999
330000
336370
336371
336372
336373
336374
336375
336376
336377
341000
341001
341002
341003
341004
341005
341006
341007
341008
348020
383478
383479
383480
383481
383482
383483
383484
383485
388993
388994
388995
388996
388997
388998
388999
389000
389907
389908
389909
389910
389911
393966
393967
417765
417766
417767
446125
446126
446127
446128
446129
446130
446131
446132
446133
446134
446135
446136
446137
446138
446139
446140
446141
446142
453075
453076
459206
459207
459818
471967
471968
471969
494138
515367
515368
515369
551453
554071
556209
556210
556211
556212
556213
556214
556215
556216
556217
556218
556219
556220
556221
556222
556223
556224
556225
556226
556227
556228
556229
567314
567315
567316
567317
567318
567319
567320
567321
567322
575713
575714
583279
583280
583281
583282
583283
583284
583285
583286
583287
583288
583289
584715
584716
584717
584718
584719
584720
588806
588807
588808
588809
588810
588811
588812
588813
588814
589112
589113
589114
589115
589116
595477
595478
595479
595480
595481
597118
605131
605132
605133
605134
605135
605136
605137
605138
624314
624315
624316
624317
624318
624319
624320
624321
624322
624323
624324
624325
624326
624327
624328
624329
624330
624331
624332
624333
624334
624335
624508
624509
624510
638635
638636
638637
638638
638639
638640
638641
638642
638643
638644
638645
638646
638647
638648
638649
638650
638651
638652
638653
638654
638655
641876
641877
660763
660764
660765
660766
660767
660768
660769
660770
660771
660772
660773
660774
660775
664284
664285
664286
664287
664288
664289
664290
664291
664292
664293
664294
664295
675719
675720
675721
675722
675723
675724
682795
685307
685308
699244
699245
699246
699247
699248
699249
699250
699251
699252
699253
699254
699255
699256
699257
699258
699259
699260
704283
704284
704285
704286
704287
704288
704289
704290
704680
704681
704682
704683
704684
704685
704686
704687
704688
704689
704690
704691
712916
712917
712918
712919
712920
712921
712922
729732
729733
729734
729735
729736
729737
729738
729739
729740
729741
729742
729743
729744
729745
729746
735162
735163
735164
735165
735166
735167
735168
735169
735170
735171
735172
735173
735174
761966
761967
761968
761969
761970
761971
761972
761973
770112
770113
770114
774784
774785
786605
786606
790484
790485
790486
790487
795905
795906
805137
805138
811199
811200
815788
815789
835150
835151
835152
835153
835154
837725
837726
837727
837728
837729
837730
856971
856972
880586
880587
880588
880589
892963
892964
892965
892966
892967
892968
892969
902084
902397
902398
902719
908236
908237
908238
912298
934171
934172
934173
934174
960667
960668
960669

The number of occurences for the pattern TCCTGCCTCAGCCTCC is 281
POSITIONS OF THE PATTERN TCCTGCCTCAGCCTCC : 
5295
63234
63575
72633
86624
90656
92839
102299
102895
109168
109348
111000
112096
121247
125355
128296
130736
168240
182441
183040
185139
186147
189068
193694
194618
196021
196605
198838
199654
202761
204760
204929
206424
210627
210972
215123
217358
217523
217688
218746
219140
220716
221190
223624
223921
224218
230259
234046
239184
239804
242835
243622
245810
247918
248449
248635
248793
250644
252119
252633
265406
265761
266054
267775
268466
269157
270698
270864
274603
275073
279140
281146
284243
291498
297234
304688
310745
318148
318416
322216
323802
324292
326559
330107
333019
333207
333360
333528
333702
334293
334496
335090
338408
341115
344088
345480
353127
354474
354662
357761
361721
365328
371475
371803
383591
383750
390017
393907
403165
408369
412062
413574
432374
446739
447919
449880
452765
455950
458817
459313
459607
460442
460598
461045
465075
465645
469405
472074
472439
475448
481473
492600
492759
492918
493077
494082
496465
497284
497580
499820
500478
507089
531993
532870
535846
545242
553531
554993
555532
556335
559291
564297
564953
566578
567428
573148
583090
583394
584357
584826
584998
585176
588920
589222
593420
593774
595588
596935
597224
600132
600462
605394
609671
610499
610640
618010
618316
619860
621619
629773
634872
635117
638761
641983
642144
653788
654482
654919
660878
661528
664401
675829
676287
682595
685416
685723
687645
688328
699365
701801
704489
704887
705293
705591
711172
711923
712457
713028
721644
722004
722364
722721
723083
723426
724126
731623
732385
734153
734943
736835
737422
749383
762079
762388
762696
762992
774890
785104
796012
802394
807830
809427
810250
816873
819132
823213
824300
827846
828898
834058
837835
843815
844899
845208
856598
856912
857078
857398
858339
865562
872706
878999
880390
880692
891376
892767
893072
901878
902190
902825
910842
912231
922198
923705
928122
928433
928753
936776
938165
948444
949955
956804
960160
974825
975052
977141
977634
979670
980010
988872
999425

The number of occurences for the pattern CACTGCAACCTCCACC is 50
POSITIONS OF THE PATTERN CACTGCAACCTCCACC : 
102860
109312
157023
200055
218711
239149
243499
248758
254105
265371
296790
318113
318381
324274
326524
333172
333820
334429
335055
343734
344982
455915
465040
492724
492883
493042
501062
532835
559256
584963
588885
603134
653066
663753
685688
702760
711888
712422
731588
734118
734908
735246
749348
783499
819097
843780
921838
922163
948084
948409

The number of occurences for the pattern CTTGAACCCGGGAGGC is 49
POSITIONS OF THE PATTERN CTTGAACCCGGGAGGC : 
15623
44357
67588
126064
185635
191972
212256
222255
224742
225489
260057
269664
280157
319994
337287
339713
340026
341832
417190
470832
477348
548562
617386
672175
686896
706478
744667
768679
794405
801162
804326
805979
812304
814463
818548
820722
821189
833693
851161
870677
882447
894827
919389
945445
958642
962108
972232
974230
985855

The number of occurences for the pattern CCTTCCTTCTTTCTTT is 6
POSITIONS OF THE PATTERN CCTTCCTTCTTTCTTT : 
221070
393429
402969
486368
486518
655532

The number of occurences for the pattern TATCTATCCATCCATT is 3
POSITIONS OF THE PATTERN TATCTATCCATCCATT : 
351112
351232
754847

The number of occurences for the pattern CAGAATGCCCCCACCA is 1
POSITIONS OF THE PATTERN CAGAATGCCCCCACCA : 
439981

The number of occurences for the pattern GGCATTATCTGTTGGG is 1
POSITIONS OF THE PATTERN GGCATTATCTGTTGGG : 
838192

The pattern AGCTCAGTGGCCCTCA does not exist in the original string! and has 0 occurences 

The pattern AAAAGGGGCCCCTTTT does not exist in the original string! and has 0 occurences 

The number of occurences for the pattern AAAAAAAAAAAAAAAA is 478
POSITIONS OF THE PATTERN AAAAAAAAAAAAAAAA : 
5763
5764
5765
5766
67382
67383
67384
67385
67386
67387
67388
67389
67390
67391
85405
85406
85407
89370
97096
101148
106719
106720
106721
106722
106723
106724
110453
122052
122053
122054
122055
122204
122205
122206
122346
122486
122626
122627
122628
122629
122630
122631
122779
122780
122781
122782
122783
122784
122785
122933
122934
122935
123075
123076
123077
123078
123079
123080
123081
123082
123083
123084
126490
176933
181521
181522
181523
181524
181525
181526
181527
181528
181529
181530
184572
184573
184574
184575
184576
184577
184578
184579
184580
184581
184582
184583
184584
184585
184586
185717
185718
185719
185720
185721
185722
185723
185724
185725
197524
197525
197526
197527
197528
197529
197530
197531
218524
255100
255101
255102
255103
277251
300348
300349
300350
300351
300352
300353
300354
300355
320078
320079
320080
320081
320082
320083
320084
320085
320086
337369
337370
337371
337372
337373
337374
337375
337376
337377
337378
337379
337380
337381
337382
337383
337384
337385
359112
359113
359114
359115
384624
386709
386710
388359
388360
388361
388362
403705
403706
403707
403708
403709
403710
403711
403712
403713
403714
403715
404387
404388
404389
404390
404391
404392
404393
415814
415815
415816
415817
415818
416066
416067
416068
416069
416070
416852
416853
416854
416855
416856
416857
416858
416859
416860
416861
416862
416863
416864
416865
416866
416867
416868
416869
416870
416871
442422
442423
442424
442425
451527
451528
451529
451530
451531
451532
451533
451534
451535
451536
451537
451538
452376
452377
452378
452379
452380
452381
452382
457577
457578
457579
457660
474749
474750
483427
483428
483429
483430
483431
483432
483433
483434
483435
498875
498876
507735
507736
507737
507738
514138
514139
514140
514141
514142
514143
514144
514145
514146
514147
514148
548953
576706
576707
587911
587912
587913
587914
590656
590657
590658
590659
590660
590661
590662
590663
590664
590665
590666
590667
593164
593165
593166
593167
593168
601805
602105
602106
602107
602108
602109
602110
608305
608306
608307
608308
665162
665163
665164
665165
665166
665167
665168
665169
665170
665171
665172
667770
667771
667772
667773
667774
671729
671730
671731
671732
671733
671734
675429
675430
675431
701279
701280
701281
701282
701283
701284
701285
701286
701287
701288
731149
731150
731151
731152
731153
731154
736681
736682
736683
736684
736685
736686
736687
760733
760734
760735
760736
760737
760738
760739
760740
760741
764019
764020
764946
764947
764948
764949
768201
768202
768203
768204
768205
768206
768207
768208
776564
776565
776566
776567
785881
785882
785883
785884
785885
785886
785887
785888
785889
785890
800566
800567
800568
800569
800570
800571
800572
800573
800574
801946
801947
806363
806364
806365
806366
806367
806368
806369
806370
806371
806372
806373
806374
806375
815475
830654
830655
830656
831406
844549
844550
873746
873747
873748
873749
873750
873751
873752
873753
873754
882171
882172
882173
882174
882175
882176
882177
882178
884177
884178
884179
894551
894552
894553
894554
894555
894556
894557
894558
896557
896558
896559
896560
896561
907306
907307
907308
933238
933239
933240
933241
933242
933243
963951
976205
976206
976207
976208
976209
976210
976211
976212
976213
976214
985236
992142
992143
992144
995273
995274
995275
995276
995277
995278
997185
997186
997187
997188

